MSE : 20299.496174744578
RMSE : 142.4763003967487